4
12	0	11	10	3	6	16	0	0	14	0	4	15	0	1	0	
0	0	16	13	5	14	9	0	0	0	1	8	12	2	11	10	
0	14	9	0	15	7	0	0	0	2	11	0	0	6	16	13	
0	0	1	0	0	0	0	0	3	0	0	13	0	14	0	0	
2	0	10	0	6	0	13	0	14	9	4	0	0	1	8	15	
0	16	13	0	0	0	4	0	7	0	8	15	0	0	0	12	
14	0	0	5	0	0	0	0	2	0	10	0	6	16	0	0	
0	0	8	15	2	11	10	0	6	16	0	0	0	9	0	0	
0	10	12	2	16	0	0	6	0	4	0	0	1	8	15	0	
16	0	3	6	0	4	0	0	1	8	0	0	11	10	12	2	
0	4	5	0	1	8	0	0	11	10	12	2	16	13	3	6	
0	8	0	0	11	10	12	2	0	0	0	0	9	0	0	0	
10	12	2	11	13	0	0	16	0	0	14	0	0	15	7	0	
13	0	6	16	0	5	14	9	8	0	7	1	0	0	0	0	
0	0	0	0	8	15	0	0	0	12	2	11	13	3	0	0	
0	0	0	0	10	12	0	11	0	0	6	16	0	0	0	9	