6
21	0	30	0	0	16	0	2	35	0	0	0	0	24	0	25	22	0	0	0	15	31	0	0	0	4	0	0	36	0	0	11	0	23	0	18	
13	0	35	5	33	3	0	24	6	25	22	7	34	0	0	31	0	32	0	0	14	12	36	8	20	11	0	0	28	18	0	29	0	10	0	16	
9	24	6	25	0	7	34	0	0	31	0	0	19	4	14	0	0	8	0	0	26	23	28	18	0	0	0	10	0	16	13	0	35	5	0	0	
34	1	15	31	27	0	0	4	14	0	0	0	0	0	26	23	0	18	21	29	0	0	0	0	0	0	35	5	33	3	0	24	6	25	22	7	
0	0	14	0	36	8	20	11	0	23	28	18	21	29	0	10	17	16	0	0	0	0	0	0	0	0	6	0	0	7	0	1	15	31	27	32	
20	11	26	0	0	18	0	0	0	10	0	0	13	2	35	5	33	3	0	0	0	0	0	7	34	1	15	31	27	32	19	4	0	0	0	8	
0	0	0	17	0	0	0	35	0	33	3	0	24	0	0	0	0	9	0	0	31	0	0	0	4	0	0	0	8	0	0	26	23	28	18	0	
0	35	0	0	3	0	24	6	0	0	0	9	0	15	0	27	0	34	0	0	0	36	8	19	0	0	23	0	18	20	0	0	10	17	16	21	
24	0	25	0	7	0	0	15	0	27	32	0	4	0	12	0	0	0	0	0	23	0	18	20	29	0	10	17	16	21	0	35	0	0	0	13	
0	15	31	27	32	34	0	14	0	36	0	19	0	0	0	0	18	20	29	30	0	17	0	0	2	35	0	33	0	13	24	6	25	22	0	9	
4	14	12	0	8	19	0	0	0	0	0	0	0	0	10	17	0	0	2	0	0	0	0	13	24	0	0	22	0	9	0	0	31	0	32	0	
0	26	23	28	0	0	29	30	10	17	16	0	0	35	0	33	3	13	24	6	25	0	7	0	0	0	0	27	0	0	0	14	0	0	0	19	
0	0	17	0	0	0	0	5	0	3	13	0	6	25	0	7	9	24	15	0	0	0	0	1	14	12	0	8	19	4	26	0	0	0	20	11	
35	0	33	0	0	2	0	25	22	7	9	24	15	31	27	32	0	0	14	12	36	0	19	4	0	23	0	18	0	0	30	0	0	16	0	29	
6	25	22	0	9	0	0	0	0	0	0	0	0	0	0	0	0	0	0	23	0	18	0	0	0	0	17	16	21	0	0	5	0	0	0	2	
15	0	0	32	34	1	0	0	0	8	19	4	0	0	0	18	0	11	0	0	0	16	0	0	0	5	33	0	13	0	0	25	22	7	9	0	
14	0	36	0	0	0	26	23	28	0	0	11	0	10	0	16	21	29	35	5	0	3	0	0	0	25	0	7	9	24	0	31	0	0	0	0	
26	0	0	0	20	11	0	0	0	16	21	0	35	5	0	0	13	2	6	0	22	7	0	24	15	31	27	0	34	1	14	12	0	8	0	4	
10	17	0	0	29	0	0	0	0	13	2	0	0	0	0	0	0	6	31	0	0	34	1	0	12	0	0	19	0	0	23	0	0	0	0	26	
0	33	0	13	2	0	25	0	7	0	0	0	0	0	32	34	0	0	0	36	8	0	4	0	23	28	18	0	0	0	0	17	0	21	0	30	
25	0	0	9	24	6	31	0	0	34	1	0	0	0	0	0	4	0	23	28	0	0	11	26	10	0	0	21	29	30	5	33	0	0	2	0	
31	27	32	0	0	15	12	36	8	0	4	14	23	28	0	0	0	0	10	17	16	0	29	30	0	33	3	13	0	0	0	0	0	0	0	6	
12	0	0	19	0	0	23	0	0	0	0	0	10	0	0	0	29	0	0	0	0	13	0	35	0	22	7	9	0	0	0	0	32	34	0	0	
0	28	0	20	0	26	0	17	0	21	0	0	0	33	3	13	2	0	0	0	0	0	24	6	31	0	32	34	0	0	12	36	0	0	4	0	
0	16	0	29	30	10	0	3	13	0	35	0	22	0	9	0	6	25	0	32	0	0	0	31	0	0	19	4	14	0	0	0	0	11	0	0	
33	3	0	0	0	5	22	0	0	24	6	25	0	0	34	1	0	0	0	8	19	0	14	12	28	18	0	0	26	23	0	0	21	29	30	0	
22	7	9	24	6	25	27	0	34	1	15	0	36	0	0	4	14	0	0	0	0	11	26	23	0	0	0	0	30	0	0	3	0	0	35	0	
27	32	0	1	0	0	0	0	19	4	0	12	0	18	0	0	0	23	0	16	0	29	0	0	0	3	13	2	35	5	0	7	0	24	6	25	
0	0	0	0	0	12	28	18	0	0	0	23	0	16	21	0	30	0	33	0	13	2	0	5	0	0	9	24	0	25	27	0	0	0	15	31	
0	18	20	11	26	23	17	0	21	29	30	0	33	0	13	2	0	5	22	7	0	24	6	25	27	32	0	0	0	31	0	0	19	0	0	12	
0	21	29	30	10	17	0	13	0	0	5	0	0	9	0	6	25	22	0	34	1	15	0	27	8	19	0	0	12	36	0	0	11	0	0	0	
3	13	0	0	5	33	7	0	24	6	25	0	32	0	0	15	0	0	8	19	0	0	0	0	18	20	0	26	23	28	0	21	0	0	0	0	
0	9	24	0	25	22	32	34	0	15	31	0	0	0	0	14	12	36	18	20	11	0	0	28	0	21	29	30	0	17	0	13	2	35	5	33	
32	34	1	15	31	27	0	0	0	14	12	36	18	20	11	26	0	0	0	21	29	0	0	0	0	13	2	0	5	33	0	0	24	0	0	0	
8	19	4	0	12	36	0	20	11	26	23	0	0	0	29	0	0	0	0	13	0	0	5	33	0	0	0	0	0	22	32	0	1	0	31	27	
0	20	11	26	23	28	0	0	29	0	0	0	3	13	0	35	0	0	7	9	0	0	0	22	0	34	0	0	0	0	0	19	0	0	12	0	
