5
0	12	0	0	5	23	0	7	0	21	0	0	0	3	16	2	18	0	11	6	1	24	0	0	0	
0	0	7	15	0	0	0	0	3	16	0	0	0	11	6	1	0	0	0	0	0	0	10	25	0	
14	8	0	0	0	0	18	17	0	6	0	24	0	22	0	19	12	10	0	5	23	0	0	0	21	
2	18	0	11	6	0	24	20	22	9	0	0	10	0	0	0	4	0	15	21	14	8	13	3	16	
1	24	0	0	0	19	12	0	0	5	0	4	0	0	0	0	8	13	0	0	0	18	0	0	0	
12	0	0	5	19	0	0	15	0	23	8	0	3	0	14	0	0	0	6	2	24	0	0	9	1	
4	7	0	21	0	8	13	3	0	14	18	0	0	0	2	24	0	0	9	1	0	0	0	5	0	
8	13	3	0	0	0	0	0	6	0	24	20	0	9	0	12	0	25	0	19	4	0	0	0	23	
0	0	0	0	0	0	0	22	0	1	0	10	0	5	19	0	7	15	21	23	8	13	0	16	14	
0	0	0	9	1	0	10	0	0	0	0	7	15	0	0	8	13	3	0	14	18	17	11	0	0	
10	0	0	19	0	0	0	21	0	4	0	3	16	14	0	0	0	0	0	18	0	0	9	0	24	
7	0	0	23	4	13	0	0	0	0	0	0	6	0	18	20	22	9	1	0	10	0	5	0	12	
0	3	0	0	0	17	11	0	0	18	0	0	0	0	24	10	25	0	0	0	0	0	21	23	4	
0	11	0	0	0	20	22	9	0	24	0	0	5	19	12	7	15	0	23	0	13	3	0	0	0	
20	0	0	1	0	0	0	0	19	0	7	15	0	23	4	0	3	0	0	8	17	11	6	0	18	
0	0	19	12	0	15	0	23	0	0	0	16	0	8	13	11	6	0	0	0	0	0	0	24	20	
0	21	23	4	7	3	0	0	0	13	11	0	0	18	17	22	0	1	0	0	25	0	19	0	0	
0	16	14	8	0	11	0	0	0	0	0	0	0	0	20	0	0	0	12	10	0	21	0	0	7	
0	6	0	0	0	22	9	1	24	20	0	0	0	12	10	0	21	0	4	0	3	0	14	0	0	
22	0	0	24	20	0	0	19	0	10	15	0	23	4	7	3	0	0	0	0	0	6	0	18	17	
5	19	0	0	25	21	0	0	7	0	0	0	8	13	3	6	2	18	17	11	9	1	0	0	22	
21	23	4	7	15	0	14	0	13	0	0	0	0	17	0	9	0	24	0	0	0	0	0	0	25	
0	0	8	13	3	6	0	18	0	0	9	1	0	0	22	0	19	0	10	25	21	23	4	0	0	
0	2	0	0	0	0	1	24	0	0	5	19	12	10	0	0	23	0	7	15	0	0	8	0	0	
0	0	24	0	22	0	19	12	10	0	0	0	4	0	0	0	0	0	0	0	6	2	18	0	11	
